 <pre>

 Contingency table for Cloud cover (octas)
 Selection: ALL    408 stations
Period: 20220603-20220630
Used {00,03,...,21} + 03 06 ... 66
 Limits   0.50000000000000000        1.5000000000000000        2.5000000000000000        3.5000000000000000        4.5000000000000000        5.5000000000000000        6.5000000000000000        7.5000000000000000     
 Each class is data <= limit, the very last > last limit
 Total number of values      438952
                                                       OBSERVATION
                                  53412    14842    14711     7686     3836     4863     5525     4110     6857 |    115842
                                   7801     3183     4349     3000     1774     2616     3349     2653     4631 |     33356
                                   4106     1611     2533     1850     1147     1874     2524     2055     3673 |     21373
                                   3120     1294     2051     1452     1045     1729     2379     2026     3700 |     18796
                           REF     2794     1196     1873     1548     1020     1849     2552     2094     3932 |     18858
                                   2415     1095     1810     1475     1014     1894     2812     2549     4496 |     19560
                                   2520     1085     1837     1538     1081     2046     3268     3100     5854 |     22329
                                   3096     1491     2148     1933     1389     2639     4868     5191    10034 |     32789
                                   7351     3386     4634     4510     3446     7323    15178    26354    83867 |    156049

                    SUM           86615    29183    35946    24992    15752    26833    42455    50132   127044 |    438952
                                                       OBSERVATION
                                  53418    14873    14670     7623     3812     4789     5522     4141     6857 |    115705
                                   7897     3149     4328     3023     1801     2646     3297     2683     4556 |     33380
                                   4044     1649     2485     1868     1105     1917     2536     2069     3713 |     21386
                                   3165     1335     2079     1500     1086     1686     2441     1973     3586 |     18851
                          amv3     2725     1179     1927     1508      998     1838     2548     2120     3894 |     18737
                                   2465     1070     1809     1396     1050     1923     2748     2499     4524 |     19484
                                   2425     1154     1862     1541     1051     2010     3283     3202     5948 |     22476
                                   3129     1419     2095     1968     1384     2732     4696     5107     9890 |     32420
                                   7347     3355     4691     4565     3465     7292    15384    26338    84076 |    156513

                    SUM           86615    29183    35946    24992    15752    26833    42455    50132   127044 |    438952

