 <pre>

 Contingency table for Visibility (m)
 Selection: ALL    720 stations
Period: 20220603-20220630
Used {00,03,...,21} + 00 03 ... 66
 Limits    1000.0000000000000        5000.0000000000000        10000.000000000000        20000.000000000000     
 Each class is data <= limit, the very last > last limit
 Total number of values      983192
                                     OBSERVATION
                                   1905     1232     1269     2595     2068 |      9069
                                   3490     9281    14281    24139    21511 |     72702
                           REF     1393     5757    13220    32758    41260 |     94388
                                    972     5535    21425    72246   156131 |    256309
                                    614     2969    31272   125783   390086 |    550724

                    SUM            8374    24774    81467   257521   611056 |    983192
                                     OBSERVATION
                                   1961     1272     1303     2653     2076 |      9265
                                   3495     9372    14470    24319    21757 |     73413
                          amv3     1388     5698    13211    33138    41492 |     94927
                                    938     5445    21559    72183   156511 |    256636
                                    592     2987    30924   125228   389220 |    548951

                    SUM            8374    24774    81467   257521   611056 |    983192

