 <pre>

 Contingency table for Visibility (m)
 Selection: ALL    723 stations
Period: 20220601-20220630
Used {00,03,...,21} + 00 03 ... 66
 Limits    1000.0000000000000        5000.0000000000000        10000.000000000000        20000.000000000000     
 Each class is data <= limit, the very last > last limit
 Total number of values     1117419
                                     OBSERVATION
                                   2365     1600     1632     3171     2553 |     11321
                                   4137    11027    17059    28981    26409 |     87613
                           REF     1609     6652    15298    38167    47988 |    109714
                                   1088     6356    24998    83050   178614 |    294106
                                    670     3461    34833   139254   436447 |    614665

                    SUM            9869    29096    93820   292623   692011 |   1117419
                                     OBSERVATION
                                   2396     1637     1623     3224     2446 |     11326
                                   4130    10982    16876    28918    26199 |     87105
                          amv1     1595     6611    15354    38082    48112 |    109754
                                   1062     6348    25125    82976   178723 |    294234
                                    686     3518    34842   139423   436531 |    615000

                    SUM            9869    29096    93820   292623   692011 |   1117419

