 <pre>

 Contingency table for Rh2m (%)
 Selection: ALL   1056 stations
Period: 20220603-20220630
Used {00,03,...,21} + 00 03 ... 66
 Limits    30.000000000000000        50.000000000000000        65.000000000000000        75.000000000000000        85.000000000000000        95.000000000000000        100.00000000000000     
 Each class is data <= limit, the very last > last limit
 Total number of values     1501725
                                              OBSERVATION
                                   4298     5158      253       35       13        9        2        0 |      9768
                                   6908   131483    34675     4532     1708      788      199        0 |    180293
                                    736    59172   156976    52866    17070     7025     1456        0 |    295301
                           REF      108     8585    63402   100443    57441    19726     4050        0 |    253755
                                     37     3035    21513    60910   128506    68388    13160        0 |    295549
                                     32     1306     7770    20539    77173   166464    54299        0 |    327583
                                      4      250     1443     3683    12658    51711    64583        0 |    134332
                                      0        4       21       69      465     1319     3266        0 |      5144

                    SUM           12123   208993   286053   243077   295034   315430   141015        0 |   1501725
                                              OBSERVATION
                                   4313     5217      276       42       18        7        1        0 |      9874
                                   6891   130793    34113     4467     1677      788      186        0 |    178915
                                    755    59659   156799    52266    16834     6828     1427        0 |    294568
                          amv3       87     8672    63730   100554    56569    19485     4019        0 |    253116
                                     46     3065    21736    61192   129052    67498    12931        0 |    295520
                                     26     1327     7973    20854    77598   167570    54100        0 |    329448
                                      5      257     1408     3635    12834    51919    65182        0 |    135240
                                      0        3       18       67      452     1335     3169        0 |      5044

                    SUM           12123   208993   286053   243077   295034   315430   141015        0 |   1501725

