 <pre>

 Contingency table for Rh2m (%)
 Selection: ALL   1057 stations
Period: 20220601-20220630
Used {00,03,...,21} + 00 03 ... 66
 Limits    30.000000000000000        50.000000000000000        65.000000000000000        75.000000000000000        85.000000000000000        95.000000000000000        100.00000000000000     
 Each class is data <= limit, the very last > last limit
 Total number of values     1706708
                                              OBSERVATION
                                   4562     5379      267       39       13       10        2        0 |     10272
                                   7436   143506    38000     4871     1832      830      199        0 |    196674
                                    812    65703   174580    58888    18884     7740     1569        0 |    328176
                           REF      125     9727    71491   112978    64732    22140     4467        0 |    285660
                                     39     3389    24685    69686   147290    77635    14729        0 |    337453
                                     35     1431     9140    24033    89242   192543    62902        0 |    379326
                                      4      272     1734     4424    15472    62558    78350        0 |    162814
                                      0        4       26       78      608     1613     4004        0 |      6333

                    SUM           13013   229411   319923   274997   338073   365069   166222        0 |   1706708
                                              OBSERVATION
                                   4531     5520      312       42       18       14        1        0 |     10438
                                   7474   143037    37709     4821     1813      834      206        0 |    195894
                                    810    66077   174491    58880    18851     7709     1581        0 |    328399
                          amv1      117     9716    71787   113050    64657    22270     4565        0 |    286162
                                     41     3360    24803    69837   147568    77788    14689        0 |    338086
                                     31     1445     9128    23926    89207   192651    63083        0 |    379471
                                      9      253     1673     4355    15394    62276    78160        0 |    162120
                                      0        3       20       86      565     1527     3937        0 |      6138

                    SUM           13013   229411   319923   274997   338073   365069   166222        0 |   1706708

