 <pre>

 Contingency table for Cloud cover (octas)
 Selection: ALL    411 stations
Period: 20220601-20220630
Used {00,03,...,21} + 03 06 ... 66
 Limits   0.50000000000000000        1.5000000000000000        2.5000000000000000        3.5000000000000000        4.5000000000000000        5.5000000000000000        6.5000000000000000        7.5000000000000000     
 Each class is data <= limit, the very last > last limit
 Total number of values      500950
                                                       OBSERVATION
                                  59174    16358    15990     8497     4357     5394     6214     4625     7777 |    128386
                                   8690     3496     4778     3315     2013     2977     3779     2992     5205 |     37245
                                   4648     1786     2807     2045     1312     2117     2848     2286     4210 |     24059
                                   3528     1437     2271     1629     1181     1965     2710     2295     4230 |     21246
                           REF     3174     1309     2063     1712     1163     2098     2920     2348     4501 |     21288
                                   2755     1204     2000     1655     1151     2115     3203     2835     5205 |     22123
                                   2875     1209     2045     1711     1216     2326     3721     3474     6858 |     25435
                                   3562     1657     2374     2146     1584     2970     5564     5820    11826 |     37503
                                   8338     3813     5233     5046     3856     8383    17737    30268   100991 |    183665

                    SUM           96744    32269    39561    27756    17833    30345    48696    56943   150803 |    500950
                                                       OBSERVATION
                                  59199    16331    16031     8577     4328     5299     6223     4674     7745 |    128407
                                   8784     3485     4755     3308     2024     3096     3715     2997     5318 |     37482
                                   4602     1841     2757     1991     1305     2110     2882     2383     4169 |     24040
                                   3476     1411     2222     1706     1199     2002     2725     2192     4242 |     21175
                          amv1     3099     1283     2174     1683     1145     2030     2953     2443     4492 |     21302
                                   2823     1215     1948     1571     1186     2114     3124     2832     5198 |     22011
                                   2824     1257     2042     1724     1235     2293     3758     3524     6792 |     25449
                                   3693     1614     2364     2106     1561     3019     5495     5635    11945 |     37432
                                   8244     3832     5268     5090     3850     8382    17821    30263   100902 |    183652

                    SUM           96744    32269    39561    27756    17833    30345    48696    56943   150803 |    500950

